32
00000000000000000000000000000000
00T00000000000000000000000000000
00000000000000000000000000000000
T0000000000000000000000000000000
00000000000000000000000000000000
0000TTTTTTTTTTTTTTTTTTTTTTTTTTT0
00000000000000000000000000000000
00000000000000000000000000000000
00000000000000000000000000000000
TTTTTTTTTTTTTTTTTTTTTTTTTTTTTTT0
00000000000000000000000000000000
00000000000000000000000000000000
00000000000000000000000000000000
00000000000000000000000000000000
TTTTTTTTTT0TTTTTTTTTTTTTTTTTTTTT
00000000000000000000000000000000
00000000000000000000000000000000
00000000000000000000000000000000
00000000000000000000000000000000
00000000000000000000000000000000
TTTTTTTTTTTTTTTTTTTTTTTT0TTTTTTT
00000000000000000000000000000000
00000000000000000000000000000000
00000000000000000000000000000000
00000000000000000000000000000000
00000000000000000000000000000000
TTTTTTTTTTTTT000TTTTTTTTTTTTTTTT
00000000000000000000000000000000
00000000000000000000000000000000
00000000000000000000000000000000
00000000000000000000000000000000
TTTTTTTTTTTTTTTTTTTTTTTTTTTT0000
